1.00 -44.0377 -43.0377 -42.0377 -41.0377
1.04 -43.7062 -42.7062 -41.7062 -40.7062
1.08 -43.4055 -42.4055 -41.4055 -40.4055
1.12 -43.1331 -42.1331 -41.1331 -40.1331
1.16 -42.8864 -41.8864 -40.8864 -39.8864
1.20 -42.6631 -41.6631 -40.6631 -39.6631
1.24 -42.4614 -41.4614 -40.4614 -39.4614
1.28 -42.2791 -41.2791 -40.2791 -39.2791
1.32 -42.1146 -41.1146 -40.1146 -39.1146
1.36 -41.9662 -40.9662 -39.9662 -38.9662
1.40 -41.8330 -40.8330 -39.8330 -38.8330
1.44 -41.7129 -40.7129 -39.7129 -38.7129
1.48 -41.6052 -40.6052 -39.6052 -38.6052
1.52 -41.5086 -40.5088 -39.5088 -38.5088
1.56 -41.4222 -40.4225 -39.4225 -38.4225
1.60 -41.3447 -40.3454 -39.3455 -38.3455
1.64 -41.2751 -40.2767 -39.2769 -38.2769
1.68 -41.2120 -40.2153 -39.2157 -38.2157
1.72 -41.1541 -40.1605 -39.1611 -38.1612
1.76 -41.0995 -40.1111 -39.1123 -38.1124
1.80 -41.0460 -40.0664 -39.0684 -38.0686
1.84 -40.9914 -40.0251 -39.0286 -38.0290
1.88 -40.9333 -39.9863 -38.9918 -37.9927
1.92 -40.8697 -39.9488 -38.9578 -37.9586
1.96 -40.7989 -39.9119 -38.9248 -37.9263
2.00 -40.7206 -39.8742 -38.8931 -37.8948
2.04 -40.6353 -39.8353 -38.8614 -37.8642
2.08 -40.5447 -39.7948 -38.8300 -37.8336
2.12 -40.4506 -39.7523 -38.7983 -37.8030
2.16 -40.3551 -39.7080 -38.7660 -37.7724
2.20 -40.2597 -39.6619 -38.7338 -37.7416
2.24 -40.1661 -39.6146 -38.7011 -37.7109
2.28 -40.0751 -39.5666 -38.6690 -37.6807
2.32 -39.9876 -39.5183 -38.6370 -37.6509
2.36 -39.9041 -39.4702 -38.6057 -37.6220
2.40 -39.8245 -39.4229 -38.5754 -37.5941
2.44 -39.7496 -39.3765 -38.5464 -37.5677
2.48 -39.6788 -39.3317 -38.5186 -37.5426
2.52 -39.6124 -39.2886 -38.4923 -37.5190
2.56 -39.5504 -39.2473 -38.4674 -37.4970
2.60 -39.4924 -39.2078 -38.4439 -37.4765
2.64 -39.4383 -39.1704 -38.4219 -37.4574
2.68 -39.3880 -39.1348 -38.4011 -37.4395
2.72 -39.3412 -39.1012 -38.3813 -37.4226
2.76 -39.2978 -39.0692 -38.3623 -37.4063
2.80 -39.2576 -39.0389 -38.3437 -37.3903
2.84 -39.2203 -39.0101 -38.3254 -37.3744
2.88 -39.1859 -38.9825 -38.3071 -37.3582
2.92 -39.1540 -38.9566 -38.2888 -37.3418
2.96 -39.1246 -38.9318 -38.2703 -37.3249
3.00 -39.0975 -38.9083 -38.2517 -37.3076
3.04 -39.0724 -38.8857 -38.2332 -37.2901
3.08 -39.0493 -38.8645 -38.2149 -37.2724
3.12 -39.0281 -38.8447 -38.1969 -37.2549
3.16 -39.0085 -38.8259 -38.1795 -37.2378
3.20 -38.9905 -38.8085 -38.1630 -37.2215
3.24 -38.9743 -38.7926 -38.1474 -37.2061
3.28 -38.9590 -38.7778 -38.1330 -37.1918
3.32 -38.9454 -38.7642 -38.1199 -37.1787
3.36 -38.9326 -38.7520 -38.1081 -37.1672
3.40 -38.9212 -38.7409 -38.0977 -37.1570
3.44 -38.9104 -38.7310 -38.0887 -37.1482
3.48 -38.9010 -38.7222 -38.0809 -37.1407
3.52 -38.8925 -38.7142 -38.0742 -37.1342
3.56 -38.8844 -38.7071 -38.0683 -37.1287
3.60 -38.8771 -38.7005 -38.0627 -37.1234
3.64 -38.8703 -38.6942 -38.0570 -37.1178
3.68 -38.8642 -38.6878 -38.0505 -37.1112
3.72 -38.8586 -38.6811 -38.0422 -37.1025
3.76 -38.8529 -38.6733 -38.0312 -37.0907
3.80 -38.8474 -38.6641 -38.0161 -37.0741
3.84 -38.8422 -38.6525 -37.9957 -37.0514
3.88 -38.8356 -38.6325 -37.9570 -37.0081
3.92 -38.8286 -38.6080 -37.9104 -36.9566
3.96 -38.8133 -38.5367 -37.7799 -36.8139
4.00 -38.7997 -38.4806 -37.6878 -36.7151
